201087784
201098934
201103446
201105931
201124354
201147721
201150199
201162999
201164031
201172992
201182422
201190339
201192594
201196251
201197727
201206067
201213982
201215936
201223618
201232717
201237934
201240623
201242698
201252358
201252784
201253002
201258223
201262466
201263687
201269078
201269265
201270104
201285692
201297777
201308254
201309366
201312834
201322959
201327238
201330108
201331022
201331505
201338824
201348551
201349382
201349420
201350076
201350484
201358033
201361408
201363707
201376210
201376964
201377419
201377645
201384832
201398923
201405026
201416741
201420734
201421619
201423794
201426094
201434050
201435395
201443830
201445732
201459342
201468550
201468562
201472106
201473727
201474871
201477960
201480074
201488281
201488455
201494853
201496568
201506005
201513280
201514508
201514891
201532149
201532242
201532783
201535478
201538012
201546361
201551948
201560400
201571980
201572512
201573140
201573323
201574036
201575646
201578138
201581078
201582783
201585752
201592830
201594052
201595106
201601162
201620818
201624787
201630602
201635275
201638078
201642124
201643521
201644992
201645559
201649155
201653168
201655733
201658643
201662075
201669876
201677081
201677882
201680777
201682703
201683986
201693175
201694495
201696797
201705532
201712800
201718495
201730634
201732132
201736170
201746169
201749099
201765683
201770128
201777655
201777858
201791406
201796285
201797228
201807478
201808647
201814230
201814459
201820499
201822817
201823797
201825286
201826968
201828083
201837274
201841340
201849567
201856683
201862799
201864816
201864887
201875236
201891615
201892692
201908330
201913290
201917051
201920729
201926120
201934618
202676399
202753773
202767011
202854385
202872758
202939579
202973624
202995762
203012747
203089855
203114210
203194719
203482153
203485585
203508857
203524627
203528334
203533691
203579422
203603205
203646920
203654939
203717192
203734535
203763970
203780864
203790700
203889365
203901582
203911473
203911770
204003533
204008796
204051634
204069910
204079637
204081030
204090835
204129539
204129699
204136208
204196915
204221263
204224885
204257093
204328629
204364899
204443165
204506926
204590978
204718801
204844534
204855186
204886685
204929436
204987685
205107721
205127050
205135650
205190899
205312747
205332799
205451987
205532105
205599972
205630290
205650210
205659329
205667820
205668608
205670578
205681698
205686415
205688885
205901168
205913366
205923669
205924957
205927832
205938950
205939610
205943150
205948419
205953151
205955085
205958335
205961487
205963225
205965841
205967546
205968994
205971671
205974487
205974843
205976423
205977048
205978992
205979004
205980840
205983623
205989863
205991433
205993760
205995057
205996592
205999017
206004989
206007285
206008020
206008315
206014161
206018166
206018366
206026190
206026936
206028245
206028844
206031775
206032693
206032887
206041972
206048512
206049796
206051359
206055204
206058238
206060212
206062226
206063726
206065795
206067033
206073513
206075445
206075976
206078331
206079177
206086044
206099456
206103150
206103564
206108179
206123250
206124041
206124620
206124710
206125558
206127748
206128596
206128764
206133321
206133515
206133520
206135900
206136972
206138945
206145666
206146659
206148914
206150503
206155260
206156917
206160333
206162440
206162544
206164099
206164487
206167559
206170006
206171632
206172702
206178050
206178202
206191911
206195568
206202131
206204513
206207127
206209122
206212417
206218292
206222380
206222789
206228881
206231066
206232895
206234899
206239455
206241758
206247721
206247759
206248436
206251336
206253138
206255028
206255554
206255930
206257295
206258560
206266051
206267182
206267365
206276160
206287026
206293535
206296675
206301729
206307950
206312763
206323567
206324063
206330279
206334964
206338043
206342211
206346558
206347394
206349253
206353832
206364938
206366683
206366911
206369434
206371648
206371744
206379573
206384063
206395058
206397755
206406037
206414382
206418593
206422867
206425218
206425980
206426184
206430322
206442711
206447783
206448450
206449771
206455138
206461416
206465925
206472995
206473426
206474261
206475021
206476964
206478002
206480348
206480533
206482296
206500488
206501145
206516677
206518484
206529164
206530629
206535594
206545531
210333335
210337222
210372276
210401139
210411714
210420287
210437621
210445429
210447474
210451611
210453697
210455478
210472066
210499360
210501928
210505922
210506861
210509539
210512824
210538996
210545579
210550103
210573053
210585896
210595704
210623267
210627164
210656707
210659314
210661994
210664607
210670993
210678099
210694249
210697531
210711373
210712022
210726841
210747542
210769717
210770380
210772990
210783013
210783833
210797490
210807651
210823979
210833978
210842375
210848094
210853461
210865128
210899950
210908759
210987753
211003926
211014883
211034132
211034868
211036073
211037886
211038718
211042336
211043616
211050613
211056293
211056860
211088357
211159136
211160016
211170832
211304198
211307091
211314611
211316539
211318502
211318687
211319549
211323244
211324618
211327452
211329643
211330837
211330878
211333425
211336235
211342713
211345247
211346369
211351486
211351996
211356595
211357164
211365283
211370088
211371616
211372074
211372486
211375940
211380061
211381642
211384551
211391516
211397259
211397684
211398979
211399779
211400941
211401078
211401340
211421577
211424399
211432438
211434151
211435036
211438580
211470238
211477194
211486576
211487148
211493025
211494107
211496700
211503456
211503614
211504682
211514538
211514629
211515659
211520394
211524622
211526772
211528017
211528495
211533109
211534394
211541356
211547541
211552016
211554893
211555160
211555232
211555255
211566365
211580607
211581645
211582351
211587337
211587412
211587701
211591515
211592251
211610010
211613315
211618105
211619407
211621160
211626366
211630411
211630619
211632997
211634816
211634937
211636611
211637973
211645782
211679775
211682388
211682494
211683426
211692235
211693075
211693508
211695522
211705354
211708876
211710340
211713629
211714595
211725865
211732750
211735645
211737558
211738617
211740188
211742240
211747336
211748572
211750366
211751454
211751643
211757399
211764645
211779348
211779447
211784760
211788770
211796051
211797674
211805781
211807617
211810737
211816726
211818901
211826132
211829194
211829693
211835899
211836629
211837324
211838305
211839462
211842729
211883492
211885980
211886178
211891679
211892141
211893848
211894036
211895307
211895322
211903509
211905823
211907555
211908778
211909773
211914403
211916515
211917153
211917501
211922575
211924358
211925053
211926023
211930449
211931166
211931596
211931604
211933215
211935900
211936371
211936906
211937241
211941362
211941472
211941684
211942461
211942703
211943037
211944807
211947573
211949189
211952339
211953102
211953609
211955002
211956059
211956601
211963441
211968088
211975006
211975512
211976711
211977162
211978264
211978382
211979244
211979334
211980688
211980882
211980935
211984494
211985128
211985576
211985741
211986957
211987878
211988531
211993911
211995110
211995288
211996232
211996865
211997380
211998346
212001507
212001861
212002515
212006593
212010968
212011488
212012054
212015588
212015749
212017271
212024486
212025654
212026901
212028259
212032504
212034383
212034762
212062775
212067464
212068544
212072031
212078456
212080434
212080687
212081118
212081228
212082223
212088598
212089033
212090112
212092070
212093186
212096274
212096894
212097774
212098081
212098215
212099230
212101360
212104224
212111532
212116151
212117960
212119116
212119741
212132736
212136032
212136672
212140991
212141079
212141123
212141828
212141847
212142548
212143260
212150551
212152628
212157058
212158790
212159699
212161131
212164039
212164805
212165197
212170249
212174263
212270340
212275087
212276968
212279078
212282150
212284658
212292691
212293733
212294383
212294852
212296441
212298554
212300469
212300942
212301511
212303501
212306878
212307931
212312818
212314869
212314906
212316516
212316561
212316566
212318873
212319518
212320198
212321144
212322162
212326838
212327956
212330666
212331297
212333095
212333755
212334588
212335013
212335030
212335564
212336117
212338812
212339158
212342882
212343707
212349768
212350125
212350827
212351370
212352700
212354416
212356796
212357382
212357477
212361339
212365146
212365586
212366085
212367467
212369992
212384313
212386208
212386297
212387764
212391031
212397935
212398056
212408918
212409350
212416187
212417962
212420247
212423394
212424228
212424299
212426921
212426972
212430158
212435723
212440750
212445958
212447349
212448745
212449841
212454028
212457277
212460461
212465320
212465964
212466388
212470701
212475385
212477111
212479196
212480208
212483866
212489787
212489799
212492070
212504473
212509757
212511396
212515603
212519299
212525614
212526517
212527033
212528385
212528407
212530369
212532272
212532439
212533866
212537414
212541179
212541457
212542883
212543180
212545905
212549089
212552035
212555806
212560377
212561074
212561485
212562243
212564089
212567447
212567468
212569440
212579488
212580610
212580665
212581187
212582346
212582423
212582636
212583429
212587483
212587585
212590460
212590465
212591069
212592170
212593108
212595117
212595159
212595716
212600313
212603592
212606255
212608111
212611328
212612580
212613331
212616014
212616083
212619430
212620630
212621563
212622521
212624506
212628903
212629464
212631600
212632353
212633343
212635793
212640437
212641162
212642377
212643246
212643377
212644421
212645469
212646368
212648234
212648328
212648383
212653185
212654148
212655751
212656022
212659511
212660876
212662802
212665214
212666565
212667795
212668057
212669062
212671041
212671694
212672836
212676883
212680657
212682071
212682402
212683124
212683875
212685728
212688147
212688775
212690417
212690948
212696435
212696511
212696650
212697187
212697301
212698203
212701819
212701940
212702302
212702385
212702750
212704229
212705836
212706376
212708252
212709682
212711669
212712110
212712560
212713067
212713210
212714523
212714823
212715640
212716691
212717903
212718755
212719918
212719935
212719942
212722598
212724047
212724150
212725041
212727313
212731100
212735333
212740132
212743266
212744376
212745591
212751647
212755579
212756779
212760493
212762029
212762899
212763594
212770429
212774488
212774511
212788887
212793798
212797901
212798635
212801327
212801667
212801960
212805645
212806203
212808182
212809327
212809631
212810653
212810879
212813149
212817363
212817814
212818652
212819163
212820055
212822491
212823337
212826911
212829010
212833217
212833729
212834904
212840032
212840069
212845108
213160885
213193684
213281578
213325618
213357998
213378158
213468362
213474401
213476868
213516850
213525444
213543961
213598471
213600549
213633669
213641080
213655804
213694407
213715867
213749482
213756648
213763196
213866824
213873758
213924916
213975215
214037625
214044905
214068921
214078153
214080260
214082960
214152482
214154853
214156042
214179724
214185912
214191815
214250218
214286514
214303214
214308402
214330695
214334333
214366145
214419545
214436294
214457249
214483739
214490991
214505789
214629166
214657628
214668570
214691960
214889247
214996188
215076400
215096803
215127134
215139117
215154592
215168979
215238310
215241185
215325429
215326315
215402587
215460540
215469709
215477632
215494151
215537266
215560304
215562828
215589359
215717478
215727196
215742030
215844239
215853476
215884242
215886567
215908754
215913638
215930744
215970905
215980753
215994918
216040932
216051126
216074549
216085288
216100580
216112744
216166748
216204161
216228024
216303709
216393858
216610112
216662737
216757766
216769803
216833863
216850515
216940339
216974174
217125625
217172699
217194538
217206236
217326832
217355494
217511135
217557367
217599094
217659812
217749234
217762562
217932609
217947970
217958375
218099136
218100265
218104271
218190848
218213278
218345082
218374074
218399432
218490305
218494619
218558567
218633308
218659718
218752133
218758859
218795562
218845878
218854099
218859202
218874070
218897287
218910384
218948387
219004362
219079656
219081647
219152986
219192970
219236618
219286866
219327704
219361619
219403955
219404735
219442294
219451405
219502518
219575003
219630458
219655998
219661601
219674900
219779935
220149551
220160079
220162883
220166347
220169807
220171315
220172748
220173278
220173668
220175969
220177295
220178312
220182450
220184256
220184374
220185408
220186452
220190951
220192952
220195431
220197918
220200815
220201501
220207799
220210273
220211701
220212793
220223282
220224952
220230684
220235129
220238020
220238667
220240688
220244848
220247484
220251795
220253361
220254829
220258755
220264036
220265613
220267323
220270538
220274264
220274785
220278468
220278699
220279314
220281014
220282261
220282495
220284120
220284484
220284909
220288411
220292751
220303408
220303630
220309933
220312165
220314501
220317141
220317560
220318040
220318804
220321292
220322216
220327243
220331943
220333502
220340095
220340207
220352017
220353599
220358425
220364440
220364891
220369600
220369664
220370890
220372747
220374147
220377228
220388194
220390436
220394047
220401506
220402599
220406933
220408526
220409205
220415239
220416503
220423224
220424389
220424963
220437366
220438389
220442384
220444154
220445073
220449265
220450392
220451620
220463080
220463802
220470552
220474830
220476671
220477223
220478018
220478255
220478588
220481457
220484270
220486832
220487451
220489314
220497150
220499376
220501719
220504903
220505459
220508312
220520450
220523082
220524658
220524943
220527736
220530532
220530692
220531108
220535099
220537901
220543034
220544385
220545954
220547198
220552347
220554493
220558489
220562261
220570749
220570817
220577373
220578284
220581581
220583647
220591781
220592745
220596460
220600768
220603603
220611790
220614352
220617893
220621689
220622090
220626257
220626371
220627822
220631178
220635579
220642383
220645882
220653183
220664594
220673191
220673223
220673540
220677031
220678399
220678764
220681570
220681784
220681809
220682077
220687476
220689457
220693364
220696416
220698263
220704231
220708251
220708332
220712751
220718125
221391309
221550248
221587227
221620277
221929697
222915833
223043133
223052489
223088087
223239781
223255090
223804032
224512018
224702744
225264191
225492675
225595194
225948936
226126503
226292158
226341382
226503975
226704471
226862331
227378709
227644675
227705624
227752955
228704133
228705547
228711097
228714918
228716191
228720166
228720633
228723783
228723973
228725299
228725387
228725530
228725872
228730068
228732681
228734646
228737008
228738133
228739643
228739655
228743659
228746200
228748354
228751384
228752884
228754066
228754633
228760097
228762729
228767030
228769289
228778481
228785462
228787796
228792855
228797231
228798052
228798470
228806229
228807634
228807650
228808198
228808831
228808967
228810364
228812948
228817555
228831635
228833087
228838179
228841356
228843244
228844828
228845731
228850247
228851838
228853579
228854380
228855498
228856753
228861024
228864497
228865343
228872177
228882669
228894918
228895154
228899205
228921975
228933115
228933769
228953973
228963953
228965305
228975455
228980601
228983073
228988660
228996856
228998638
229001972
229003825
229005060
229013328
229015012
229017714
229018658
229018691
229021596
229040137
229092169
229093510
229095758
229102880
229109611
229111865
229113371
229124204
229131345
229140530
229142411
229163942
229169959
229174815
230501389
230531589
230559412
230602684
230634563
230751700
230755963
230861179
230876968
230940764
230966720
231006495
231024140
231072354
231086509
231093433
231103223
231121259
231241154
231255485
231260354
231282439
231525965
231585366
231839823
231848416
231968119
232026370
232038313
232047632
232097962
233164132
233419264
233443852
233498793
233927475
233997386
234260486
234446956
234621139
234657887
234674672
234863003
234879113
234924839
235008704
235056987
235135315
235193423
235225176
235328157
235328953
235382362
235444765
235493874
235526231
235565282
235583727
235715918
235828136
235870546
235934969
236225131
236227921
236281268
240629040
245917175
245924645
245929167
245930255
245930870
245938346
245938629
245938659
245940149
245941027
245942914
245944404
245945412
245945585
245947761
245950611
245952459
245953572
245955241
245955338
245964030
245964294
245965848
245967856
245971808
245986665
245990878
245991337
245991801
245994176
246001757
246001913
246005946
246008915
246009098
246010158
246013465
246014935
246023080
246031004
246032160
246032759
246033493
246037628
246049571
246053239
246054543
246056480
246058350
246059992
246061942
246068942
246069969
246071365
246071434
246073455
246082653
246082749
246085719
246085859
246087950
246088894
246089660
246090517
246094235
246096333
246103326
246107604
246109155
246109711
246113903
246116470
246122861
246122964
246123336
246127507
246132384
246133597
246135014
246135695
246138483
246139072
246139295
246139535
246140857
246140880
246151477
246159167
246161991
246166368
246167547
246172284
246174058
246174766
246175458
246177950
246193370
246193389
246193462
246196179
246196866
246197635
246203113
246203577
246207386
246208223
246211632
246211745
246235385
246239095
246239222
246240373
246244830
246248116
246255775
246260277
246264129
246265853
246267436
246271849
246272247
246276258
246278710
246279321
246280376
246280966
246282468
246284120
246286982
246292454
246294015
246297720
246305454
246310442
246310506
246316349
246322278
246323783
246326540
246339398
246340063
246343133
246345645
246356973
246358025
246358740
246359318
246360061
246360984
246362671
246370486
246380400
246382277
246387281
246387326
246388773
246389006
246389038
246390866
246391727
246394012
246397574
246405331
246406977
246407053
246410104
246412303
246413257
246415123
246416003
246416022
246425619
246426951
246431725
246436884
246440052
246447028
246449844
246450658
246451096
246464399
246469562
246483314